0.205271 0.140192 0.043260 0.019664 0.050555 0.105690 0.132712 0.105000 0.057862 0.037084 0.040561 0.038718 0.019144 0.003962 0.000316 0.000009
0.183618 0.313036 0.233154 0.082680 0.021937 0.024413 0.041350 0.043129 0.025837 0.011395 0.006533 0.005631 0.004332 0.002185 0.000663 0.000106
0.052928 0.202112 0.327275 0.223282 0.070823 0.018683 0.017437 0.022458 0.020310 0.014824 0.009746 0.006038 0.004633 0.004610 0.003212 0.001631
0.003930 0.035651 0.141188 0.229419 0.156554 0.065036 0.055488 0.076006 0.079273 0.066502 0.048033 0.027663 0.010667 0.002552 0.001056 0.000979
0.000509 0.002573 0.017269 0.071839 0.147536 0.159161 0.113070 0.087384 0.089109 0.094175 0.084429 0.064084 0.039623 0.017472 0.007152 0.004616
0.004132 0.005132 0.008282 0.029519 0.079817 0.126868 0.134361 0.119386 0.098518 0.089553 0.093084 0.088540 0.060177 0.030848 0.018309 0.013474
0.006051 0.007201 0.005404 0.012151 0.045600 0.112751 0.172433 0.166259 0.118175 0.094321 0.091606 0.079055 0.050050 0.022887 0.010132 0.005925
0.003052 0.006209 0.008765 0.013943 0.039368 0.094260 0.159668 0.188672 0.157069 0.111026 0.078575 0.058781 0.039839 0.024190 0.012192 0.004390
0.001185 0.004609 0.011146 0.020741 0.039510 0.076907 0.123198 0.156906 0.163555 0.129639 0.082463 0.056788 0.043678 0.035062 0.030918 0.023694
0.001580 0.004883 0.012768 0.028516 0.048212 0.063802 0.084355 0.119388 0.161101 0.171510 0.128489 0.069362 0.033997 0.024817 0.025751 0.021469
0.000530 0.001800 0.006519 0.021672 0.047579 0.065302 0.066537 0.074803 0.098176 0.120485 0.126241 0.106557 0.076991 0.063866 0.065790 0.057153
0.001239 0.002548 0.003416 0.008510 0.028337 0.061008 0.086556 0.093489 0.087330 0.099115 0.140365 0.157453 0.105488 0.053990 0.040623 0.030534
0.000014 0.000179 0.001058 0.004365 0.017180 0.048475 0.082040 0.086320 0.077428 0.098304 0.138199 0.152603 0.129102 0.086234 0.049542 0.028958
0.001755 0.002900 0.001971 0.003173 0.014555 0.035769 0.054182 0.061733 0.062298 0.070540 0.082355 0.104559 0.146087 0.164434 0.123708 0.069981
0.002971 0.005561 0.005344 0.006608 0.010466 0.012552 0.019345 0.035976 0.054325 0.061002 0.059231 0.080939 0.137838 0.187273 0.188089 0.132480
0.000002 0.000051 0.000620 0.002783 0.004686 0.004026 0.006337 0.011185 0.015268 0.022528 0.032554 0.064768 0.123063 0.187089 0.262560 0.262480
