0.025214 0.020598 0.012723 0.016613 0.052727 0.121592 0.157208 0.118813 0.060103 0.040454 0.059665 0.088389 0.095815 0.071785 0.039169 0.019132
0.068215 0.109087 0.076572 0.028211 0.023552 0.058898 0.105744 0.113601 0.070149 0.033056 0.030283 0.055206 0.083111 0.079413 0.046221 0.018681
0.024887 0.102222 0.166343 0.108133 0.038344 0.033310 0.063039 0.094918 0.096412 0.068743 0.039704 0.028763 0.037243 0.043183 0.033701 0.021054
0.003874 0.022793 0.082978 0.133434 0.092554 0.047656 0.058217 0.093423 0.106174 0.089160 0.063656 0.047484 0.038940 0.035524 0.041155 0.042978
0.006998 0.006522 0.015522 0.057054 0.118117 0.130212 0.095568 0.081068 0.091519 0.104011 0.095134 0.074709 0.052332 0.031897 0.022179 0.017156
0.010710 0.008256 0.007509 0.028242 0.080985 0.125961 0.125308 0.110564 0.096137 0.093978 0.099966 0.093907 0.061843 0.030780 0.016062 0.009795
0.032659 0.033534 0.019201 0.014053 0.036093 0.092344 0.152313 0.157094 0.110548 0.080896 0.076532 0.073691 0.058035 0.034352 0.017825 0.010830
0.018056 0.031428 0.032059 0.024358 0.037907 0.081313 0.131756 0.155544 0.131581 0.095242 0.066685 0.057710 0.056777 0.043617 0.024751 0.011215
0.007467 0.019369 0.032849 0.036189 0.038637 0.058417 0.098252 0.140878 0.149757 0.125527 0.083696 0.056271 0.046552 0.043712 0.037705 0.024723
0.007161 0.015162 0.024015 0.034331 0.048249 0.059504 0.075807 0.103931 0.136538 0.152020 0.121103 0.070685 0.040646 0.034758 0.039312 0.036777
0.007616 0.011144 0.015758 0.023696 0.038516 0.054166 0.066180 0.087714 0.109944 0.132520 0.139354 0.115563 0.074420 0.048897 0.041421 0.033093
0.007280 0.008360 0.006292 0.008467 0.024229 0.047628 0.064006 0.070919 0.071129 0.083566 0.115507 0.139704 0.116079 0.086401 0.083534 0.066898
0.004469 0.007439 0.010203 0.011866 0.018398 0.036018 0.059260 0.070405 0.064346 0.069262 0.105687 0.149680 0.157899 0.119479 0.072880 0.042709
0.009382 0.012860 0.011149 0.008923 0.012135 0.025583 0.045302 0.060933 0.066021 0.064275 0.071747 0.099182 0.145075 0.169523 0.126986 0.070924
0.007132 0.013944 0.015182 0.013532 0.014544 0.018866 0.030041 0.051401 0.071255 0.081242 0.081266 0.086213 0.115593 0.147141 0.146045 0.106602
0.001977 0.005630 0.010909 0.016290 0.019544 0.020468 0.021907 0.030850 0.045008 0.057913 0.071843 0.090520 0.105674 0.124818 0.177640 0.199007
